"ms-cluster-0","ad7e9ac2-99c4-441c-a63b-ea4c5ae92cf0"
"ms-cluster-1","0bb781a7-208d-4b32-a15d-a8d5fa211b0a"
"ms-cluster-2","77166ce4-b18c-4dfc-a7b2-d993cc12a258"
